VALID:[2, 4, 4, 4, 4, 4] 244444 -> False
VALID:[2, 4, 4, 4, 4, 5] 244445 -> False
VALID:[2, 4, 4, 4, 4, 6] 244446 -> False
VALID:[2, 4, 4, 4, 4, 7] 244447 -> False
VALID:[2, 4, 4, 4, 4, 8] 244448 -> False
VALID:[2, 4, 4, 4, 4, 9] 244449 -> False
VALID:[2, 4, 4, 4, 5, 5] 244455 -> True
VALID:[2, 4, 4, 4, 5, 6] 244456 -> False
VALID:[2, 4, 4, 4, 5, 7] 244457 -> False
VALID:[2, 4, 4, 4, 5, 8] 244458 -> False
VALID:[2, 4, 4, 4, 5, 9] 244459 -> False
VALID:[2, 4, 4, 4, 6, 6] 244466 -> True
VALID:[2, 4, 4, 4, 6, 7] 244467 -> False
VALID:[2, 4, 4, 4, 6, 8] 244468 -> False
VALID:[2, 4, 4, 4, 6, 9] 244469 -> False
VALID:[2, 4, 4, 4, 7, 7] 244477 -> True
VALID:[2, 4, 4, 4, 7, 8] 244478 -> False
VALID:[2, 4, 4, 4, 7, 9] 244479 -> False
VALID:[2, 4, 4, 4, 8, 8] 244488 -> True
VALID:[2, 4, 4, 4, 8, 9] 244489 -> False
VALID:[2, 4, 4, 4, 9, 9] 244499 -> True
VALID:[2, 4, 4, 5, 5, 5] 244555 -> True
VALID:[2, 4, 4, 5, 5, 6] 244556 -> True
VALID:[2, 4, 4, 5, 5, 7] 244557 -> True
VALID:[2, 4, 4, 5, 5, 8] 244558 -> True
VALID:[2, 4, 4, 5, 5, 9] 244559 -> True
VALID:[2, 4, 4, 5, 6, 6] 244566 -> True
VALID:[2, 4, 4, 5, 6, 7] 244567 -> True
VALID:[2, 4, 4, 5, 6, 8] 244568 -> True
VALID:[2, 4, 4, 5, 6, 9] 244569 -> True
VALID:[2, 4, 4, 5, 7, 7] 244577 -> True
VALID:[2, 4, 4, 5, 7, 8] 244578 -> True
VALID:[2, 4, 4, 5, 7, 9] 244579 -> True
VALID:[2, 4, 4, 5, 8, 8] 244588 -> True
VALID:[2, 4, 4, 5, 8, 9] 244589 -> True
VALID:[2, 4, 4, 5, 9, 9] 244599 -> True
VALID:[2, 4, 4, 6, 6, 6] 244666 -> True
VALID:[2, 4, 4, 6, 6, 7] 244667 -> True
VALID:[2, 4, 4, 6, 6, 8] 244668 -> True
VALID:[2, 4, 4, 6, 6, 9] 244669 -> True
VALID:[2, 4, 4, 6, 7, 7] 244677 -> True
VALID:[2, 4, 4, 6, 7, 8] 244678 -> True
VALID:[2, 4, 4, 6, 7, 9] 244679 -> True
VALID:[2, 4, 4, 6, 8, 8] 244688 -> True
VALID:[2, 4, 4, 6, 8, 9] 244689 -> True
VALID:[2, 4, 4, 6, 9, 9] 244699 -> True
VALID:[2, 4, 4, 7, 7, 7] 244777 -> True
VALID:[2, 4, 4, 7, 7, 8] 244778 -> True
VALID:[2, 4, 4, 7, 7, 9] 244779 -> True
VALID:[2, 4, 4, 7, 8, 8] 244788 -> True
VALID:[2, 4, 4, 7, 8, 9] 244789 -> True
VALID:[2, 4, 4, 7, 9, 9] 244799 -> True
VALID:[2, 4, 4, 8, 8, 8] 244888 -> True
VALID:[2, 4, 4, 8, 8, 9] 244889 -> True
VALID:[2, 4, 4, 8, 9, 9] 244899 -> True
VALID:[2, 4, 4, 9, 9, 9] 244999 -> True
VALID:[2, 4, 5, 5, 5, 5] 245555 -> False
VALID:[2, 4, 5, 5, 5, 6] 245556 -> False
VALID:[2, 4, 5, 5, 5, 7] 245557 -> False
VALID:[2, 4, 5, 5, 5, 8] 245558 -> False
VALID:[2, 4, 5, 5, 5, 9] 245559 -> False
VALID:[2, 4, 5, 5, 6, 6] 245566 -> True
VALID:[2, 4, 5, 5, 6, 7] 245567 -> True
VALID:[2, 4, 5, 5, 6, 8] 245568 -> True
VALID:[2, 4, 5, 5, 6, 9] 245569 -> True
VALID:[2, 4, 5, 5, 7, 7] 245577 -> True
VALID:[2, 4, 5, 5, 7, 8] 245578 -> True
VALID:[2, 4, 5, 5, 7, 9] 245579 -> True
VALID:[2, 4, 5, 5, 8, 8] 245588 -> True
VALID:[2, 4, 5, 5, 8, 9] 245589 -> True
VALID:[2, 4, 5, 5, 9, 9] 245599 -> True
VALID:[2, 4, 5, 6, 6, 6] 245666 -> False
VALID:[2, 4, 5, 6, 6, 7] 245667 -> True
VALID:[2, 4, 5, 6, 6, 8] 245668 -> True
VALID:[2, 4, 5, 6, 6, 9] 245669 -> True
VALID:[2, 4, 5, 6, 7, 7] 245677 -> True
VALID:[2, 4, 5, 6, 8, 8] 245688 -> True
VALID:[2, 4, 5, 6, 9, 9] 245699 -> True
VALID:[2, 4, 5, 7, 7, 7] 245777 -> False
VALID:[2, 4, 5, 7, 7, 8] 245778 -> True
VALID:[2, 4, 5, 7, 7, 9] 245779 -> True
VALID:[2, 4, 5, 7, 8, 8] 245788 -> True
VALID:[2, 4, 5, 7, 9, 9] 245799 -> True
VALID:[2, 4, 5, 8, 8, 8] 245888 -> False
VALID:[2, 4, 5, 8, 8, 9] 245889 -> True
VALID:[2, 4, 5, 8, 9, 9] 245899 -> True
VALID:[2, 4, 5, 9, 9, 9] 245999 -> False
VALID:[2, 4, 6, 6, 6, 6] 246666 -> False
VALID:[2, 4, 6, 6, 6, 7] 246667 -> False
VALID:[2, 4, 6, 6, 6, 8] 246668 -> False
VALID:[2, 4, 6, 6, 6, 9] 246669 -> False
VALID:[2, 4, 6, 6, 7, 7] 246677 -> True
VALID:[2, 4, 6, 6, 7, 8] 246678 -> True
VALID:[2, 4, 6, 6, 7, 9] 246679 -> True
VALID:[2, 4, 6, 6, 8, 8] 246688 -> True
VALID:[2, 4, 6, 6, 8, 9] 246689 -> True
VALID:[2, 4, 6, 6, 9, 9] 246699 -> True
VALID:[2, 4, 6, 7, 7, 7] 246777 -> False
VALID:[2, 4, 6, 7, 7, 8] 246778 -> True
VALID:[2, 4, 6, 7, 7, 9] 246779 -> True
VALID:[2, 4, 6, 7, 8, 8] 246788 -> True
VALID:[2, 4, 6, 7, 9, 9] 246799 -> True
VALID:[2, 4, 6, 8, 8, 8] 246888 -> False
VALID:[2, 4, 6, 8, 8, 9] 246889 -> True
VALID:[2, 4, 6, 8, 9, 9] 246899 -> True
VALID:[2, 4, 6, 9, 9, 9] 246999 -> False
VALID:[2, 4, 7, 7, 7, 7] 247777 -> False
VALID:[2, 4, 7, 7, 7, 8] 247778 -> False
VALID:[2, 4, 7, 7, 7, 9] 247779 -> False
VALID:[2, 4, 7, 7, 8, 8] 247788 -> True
VALID:[2, 4, 7, 7, 8, 9] 247789 -> True
VALID:[2, 4, 7, 7, 9, 9] 247799 -> True
VALID:[2, 4, 7, 8, 8, 8] 247888 -> False
VALID:[2, 4, 7, 8, 8, 9] 247889 -> True
VALID:[2, 4, 7, 8, 9, 9] 247899 -> True
VALID:[2, 4, 7, 9, 9, 9] 247999 -> False
VALID:[2, 4, 8, 8, 8, 8] 248888 -> False
VALID:[2, 4, 8, 8, 8, 9] 248889 -> False
VALID:[2, 4, 8, 8, 9, 9] 248899 -> True
VALID:[2, 4, 8, 9, 9, 9] 248999 -> False
VALID:[2, 4, 9, 9, 9, 9] 249999 -> False
VALID:[2, 5, 5, 5, 5, 5] 255555 -> False
VALID:[2, 5, 5, 5, 5, 6] 255556 -> False
VALID:[2, 5, 5, 5, 5, 7] 255557 -> False
VALID:[2, 5, 5, 5, 5, 8] 255558 -> False
VALID:[2, 5, 5, 5, 5, 9] 255559 -> False
VALID:[2, 5, 5, 5, 6, 6] 255566 -> True
VALID:[2, 5, 5, 5, 6, 7] 255567 -> False
VALID:[2, 5, 5, 5, 6, 8] 255568 -> False
VALID:[2, 5, 5, 5, 6, 9] 255569 -> False
VALID:[2, 5, 5, 5, 7, 7] 255577 -> True
VALID:[2, 5, 5, 5, 7, 8] 255578 -> False
VALID:[2, 5, 5, 5, 7, 9] 255579 -> False
VALID:[2, 5, 5, 5, 8, 8] 255588 -> True
VALID:[2, 5, 5, 5, 8, 9] 255589 -> False
VALID:[2, 5, 5, 5, 9, 9] 255599 -> True
VALID:[2, 5, 5, 6, 6, 6] 255666 -> True
VALID:[2, 5, 5, 6, 6, 7] 255667 -> True
VALID:[2, 5, 5, 6, 6, 8] 255668 -> True
VALID:[2, 5, 5, 6, 6, 9] 255669 -> True
VALID:[2, 5, 5, 6, 7, 7] 255677 -> True
VALID:[2, 5, 5, 6, 7, 8] 255678 -> True
VALID:[2, 5, 5, 6, 7, 9] 255679 -> True
VALID:[2, 5, 5, 6, 8, 8] 255688 -> True
VALID:[2, 5, 5, 6, 8, 9] 255689 -> True
VALID:[2, 5, 5, 6, 9, 9] 255699 -> True
VALID:[2, 5, 5, 7, 7, 7] 255777 -> True
VALID:[2, 5, 5, 7, 7, 8] 255778 -> True
VALID:[2, 5, 5, 7, 7, 9] 255779 -> True
VALID:[2, 5, 5, 7, 8, 8] 255788 -> True
VALID:[2, 5, 5, 7, 8, 9] 255789 -> True
VALID:[2, 5, 5, 7, 9, 9] 255799 -> True
VALID:[2, 5, 5, 8, 8, 8] 255888 -> True
VALID:[2, 5, 5, 8, 8, 9] 255889 -> True
VALID:[2, 5, 5, 8, 9, 9] 255899 -> True
VALID:[2, 5, 5, 9, 9, 9] 255999 -> True
VALID:[2, 5, 6, 6, 6, 6] 256666 -> False
VALID:[2, 5, 6, 6, 6, 7] 256667 -> False
VALID:[2, 5, 6, 6, 6, 8] 256668 -> False
VALID:[2, 5, 6, 6, 6, 9] 256669 -> False
VALID:[2, 5, 6, 6, 7, 7] 256677 -> True
VALID:[2, 5, 6, 6, 7, 8] 256678 -> True
VALID:[2, 5, 6, 6, 7, 9] 256679 -> True
VALID:[2, 5, 6, 6, 8, 8] 256688 -> True
VALID:[2, 5, 6, 6, 8, 9] 256689 -> True
VALID:[2, 5, 6, 6, 9, 9] 256699 -> True
VALID:[2, 5, 6, 7, 7, 7] 256777 -> False
VALID:[2, 5, 6, 7, 7, 8] 256778 -> True
VALID:[2, 5, 6, 7, 7, 9] 256779 -> True
VALID:[2, 5, 6, 7, 8, 8] 256788 -> True
VALID:[2, 5, 6, 7, 9, 9] 256799 -> True
VALID:[2, 5, 6, 8, 8, 8] 256888 -> False
VALID:[2, 5, 6, 8, 8, 9] 256889 -> True
VALID:[2, 5, 6, 8, 9, 9] 256899 -> True
VALID:[2, 5, 6, 9, 9, 9] 256999 -> False
VALID:[2, 5, 7, 7, 7, 7] 257777 -> False
VALID:[2, 5, 7, 7, 7, 8] 257778 -> False
VALID:[2, 5, 7, 7, 7, 9] 257779 -> False
VALID:[2, 5, 7, 7, 8, 8] 257788 -> True
VALID:[2, 5, 7, 7, 8, 9] 257789 -> True
VALID:[2, 5, 7, 7, 9, 9] 257799 -> True
VALID:[2, 5, 7, 8, 8, 8] 257888 -> False
VALID:[2, 5, 7, 8, 8, 9] 257889 -> True
VALID:[2, 5, 7, 8, 9, 9] 257899 -> True
VALID:[2, 5, 7, 9, 9, 9] 257999 -> False
VALID:[2, 5, 8, 8, 8, 8] 258888 -> False
VALID:[2, 5, 8, 8, 8, 9] 258889 -> False
VALID:[2, 5, 8, 8, 9, 9] 258899 -> True
VALID:[2, 5, 8, 9, 9, 9] 258999 -> False
VALID:[2, 5, 9, 9, 9, 9] 259999 -> False
VALID:[2, 6, 6, 6, 6, 6] 266666 -> False
VALID:[2, 6, 6, 6, 6, 7] 266667 -> False
VALID:[2, 6, 6, 6, 6, 8] 266668 -> False
VALID:[2, 6, 6, 6, 6, 9] 266669 -> False
VALID:[2, 6, 6, 6, 7, 7] 266677 -> True
VALID:[2, 6, 6, 6, 7, 8] 266678 -> False
VALID:[2, 6, 6, 6, 7, 9] 266679 -> False
VALID:[2, 6, 6, 6, 8, 8] 266688 -> True
VALID:[2, 6, 6, 6, 8, 9] 266689 -> False
VALID:[2, 6, 6, 6, 9, 9] 266699 -> True
VALID:[2, 6, 6, 7, 7, 7] 266777 -> True
VALID:[2, 6, 6, 7, 7, 8] 266778 -> True
VALID:[2, 6, 6, 7, 7, 9] 266779 -> True
VALID:[2, 6, 6, 7, 8, 8] 266788 -> True
VALID:[2, 6, 6, 7, 8, 9] 266789 -> True
VALID:[2, 6, 6, 7, 9, 9] 266799 -> True
VALID:[2, 6, 6, 8, 8, 8] 266888 -> True
VALID:[2, 6, 6, 8, 8, 9] 266889 -> True
VALID:[2, 6, 6, 8, 9, 9] 266899 -> True
VALID:[2, 6, 6, 9, 9, 9] 266999 -> True
VALID:[2, 6, 7, 7, 7, 7] 267777 -> False
VALID:[2, 6, 7, 7, 7, 8] 267778 -> False
VALID:[2, 6, 7, 7, 7, 9] 267779 -> False
VALID:[2, 6, 7, 7, 8, 8] 267788 -> True
VALID:[2, 6, 7, 7, 8, 9] 267789 -> True
VALID:[2, 6, 7, 7, 9, 9] 267799 -> True
VALID:[2, 6, 7, 8, 8, 8] 267888 -> False
VALID:[2, 6, 7, 8, 8, 9] 267889 -> True
VALID:[2, 6, 7, 8, 9, 9] 267899 -> True
VALID:[2, 6, 7, 9, 9, 9] 267999 -> False
VALID:[2, 6, 8, 8, 8, 8] 268888 -> False
VALID:[2, 6, 8, 8, 8, 9] 268889 -> False
VALID:[2, 6, 8, 8, 9, 9] 268899 -> True
VALID:[2, 6, 8, 9, 9, 9] 268999 -> False
VALID:[2, 6, 9, 9, 9, 9] 269999 -> False
VALID:[2, 7, 7, 7, 7, 7] 277777 -> False
VALID:[2, 7, 7, 7, 7, 8] 277778 -> False
VALID:[2, 7, 7, 7, 7, 9] 277779 -> False
VALID:[2, 7, 7, 7, 8, 8] 277788 -> True
VALID:[2, 7, 7, 7, 8, 9] 277789 -> False
VALID:[2, 7, 7, 7, 9, 9] 277799 -> True
VALID:[2, 7, 7, 8, 8, 8] 277888 -> True
VALID:[2, 7, 7, 8, 8, 9] 277889 -> True
VALID:[2, 7, 7, 8, 9, 9] 277899 -> True
VALID:[2, 7, 7, 9, 9, 9] 277999 -> True
VALID:[2, 7, 8, 8, 8, 8] 278888 -> False
VALID:[2, 7, 8, 8, 8, 9] 278889 -> False
VALID:[2, 7, 8, 8, 9, 9] 278899 -> True
VALID:[2, 7, 8, 9, 9, 9] 278999 -> False
VALID:[2, 7, 9, 9, 9, 9] 279999 -> False
VALID:[2, 8, 8, 8, 8, 8] 288888 -> False
VALID:[2, 8, 8, 8, 8, 9] 288889 -> False
VALID:[2, 8, 8, 8, 9, 9] 288899 -> True
VALID:[2, 8, 8, 9, 9, 9] 288999 -> True
VALID:[2, 8, 9, 9, 9, 9] 289999 -> False
VALID:[2, 9, 9, 9, 9, 9] 299999 -> False
VALID:[2, 3, 3, 3, 3, 3] 233333 -> False
VALID:[2, 3, 3, 3, 3, 4] 233334 -> False
VALID:[2, 3, 3, 3, 3, 5] 233335 -> False
VALID:[2, 3, 3, 3, 3, 6] 233336 -> False
VALID:[2, 3, 3, 3, 3, 7] 233337 -> False
VALID:[2, 3, 3, 3, 3, 8] 233338 -> False
VALID:[2, 3, 3, 3, 3, 9] 233339 -> False
VALID:[2, 3, 3, 3, 4, 4] 233344 -> True
VALID:[2, 3, 3, 3, 4, 5] 233345 -> False
VALID:[2, 3, 3, 3, 4, 6] 233346 -> False
VALID:[2, 3, 3, 3, 4, 7] 233347 -> False
VALID:[2, 3, 3, 3, 4, 8] 233348 -> False
VALID:[2, 3, 3, 3, 4, 9] 233349 -> False
VALID:[2, 3, 3, 3, 5, 5] 233355 -> True
VALID:[2, 3, 3, 3, 5, 6] 233356 -> False
VALID:[2, 3, 3, 3, 5, 7] 233357 -> False
VALID:[2, 3, 3, 3, 5, 8] 233358 -> False
VALID:[2, 3, 3, 3, 5, 9] 233359 -> False
VALID:[2, 3, 3, 3, 6, 6] 233366 -> True
VALID:[2, 3, 3, 3, 6, 7] 233367 -> False
VALID:[2, 3, 3, 3, 6, 8] 233368 -> False
VALID:[2, 3, 3, 3, 6, 9] 233369 -> False
VALID:[2, 3, 3, 3, 7, 7] 233377 -> True
VALID:[2, 3, 3, 3, 7, 8] 233378 -> False
VALID:[2, 3, 3, 3, 7, 9] 233379 -> False
VALID:[2, 3, 3, 3, 8, 8] 233388 -> True
VALID:[2, 3, 3, 3, 8, 9] 233389 -> False
VALID:[2, 3, 3, 3, 9, 9] 233399 -> True
VALID:[2, 3, 3, 4, 4, 4] 233444 -> True
VALID:[2, 3, 3, 4, 4, 5] 233445 -> True
VALID:[2, 3, 3, 4, 4, 6] 233446 -> True
VALID:[2, 3, 3, 4, 4, 7] 233447 -> True
VALID:[2, 3, 3, 4, 4, 8] 233448 -> True
VALID:[2, 3, 3, 4, 4, 9] 233449 -> True
VALID:[2, 3, 3, 4, 5, 5] 233455 -> True
VALID:[2, 3, 3, 4, 5, 6] 233456 -> True
VALID:[2, 3, 3, 4, 5, 7] 233457 -> True
VALID:[2, 3, 3, 4, 5, 8] 233458 -> True
VALID:[2, 3, 3, 4, 5, 9] 233459 -> True
VALID:[2, 3, 3, 4, 6, 6] 233466 -> True
VALID:[2, 3, 3, 4, 6, 7] 233467 -> True
VALID:[2, 3, 3, 4, 6, 8] 233468 -> True
VALID:[2, 3, 3, 4, 6, 9] 233469 -> True
VALID:[2, 3, 3, 4, 7, 7] 233477 -> True
VALID:[2, 3, 3, 4, 7, 8] 233478 -> True
VALID:[2, 3, 3, 4, 7, 9] 233479 -> True
VALID:[2, 3, 3, 4, 8, 8] 233488 -> True
VALID:[2, 3, 3, 4, 8, 9] 233489 -> True
VALID:[2, 3, 3, 4, 9, 9] 233499 -> True
VALID:[2, 3, 3, 5, 5, 5] 233555 -> True
VALID:[2, 3, 3, 5, 5, 6] 233556 -> True
VALID:[2, 3, 3, 5, 5, 7] 233557 -> True
VALID:[2, 3, 3, 5, 5, 8] 233558 -> True
VALID:[2, 3, 3, 5, 5, 9] 233559 -> True
VALID:[2, 3, 3, 5, 6, 6] 233566 -> True
VALID:[2, 3, 3, 5, 6, 7] 233567 -> True
VALID:[2, 3, 3, 5, 6, 8] 233568 -> True
VALID:[2, 3, 3, 5, 6, 9] 233569 -> True
VALID:[2, 3, 3, 5, 7, 7] 233577 -> True
VALID:[2, 3, 3, 5, 7, 8] 233578 -> True
VALID:[2, 3, 3, 5, 7, 9] 233579 -> True
VALID:[2, 3, 3, 5, 8, 8] 233588 -> True
VALID:[2, 3, 3, 5, 8, 9] 233589 -> True
VALID:[2, 3, 3, 5, 9, 9] 233599 -> True
VALID:[2, 3, 3, 6, 6, 6] 233666 -> True
VALID:[2, 3, 3, 6, 6, 7] 233667 -> True
VALID:[2, 3, 3, 6, 6, 8] 233668 -> True
VALID:[2, 3, 3, 6, 6, 9] 233669 -> True
VALID:[2, 3, 3, 6, 7, 7] 233677 -> True
VALID:[2, 3, 3, 6, 7, 8] 233678 -> True
VALID:[2, 3, 3, 6, 7, 9] 233679 -> True
VALID:[2, 3, 3, 6, 8, 8] 233688 -> True
VALID:[2, 3, 3, 6, 8, 9] 233689 -> True
VALID:[2, 3, 3, 6, 9, 9] 233699 -> True
VALID:[2, 3, 3, 7, 7, 7] 233777 -> True
VALID:[2, 3, 3, 7, 7, 8] 233778 -> True
VALID:[2, 3, 3, 7, 7, 9] 233779 -> True
VALID:[2, 3, 3, 7, 8, 8] 233788 -> True
VALID:[2, 3, 3, 7, 8, 9] 233789 -> True
VALID:[2, 3, 3, 7, 9, 9] 233799 -> True
VALID:[2, 3, 3, 8, 8, 8] 233888 -> True
VALID:[2, 3, 3, 8, 8, 9] 233889 -> True
VALID:[2, 3, 3, 8, 9, 9] 233899 -> True
VALID:[2, 3, 3, 9, 9, 9] 233999 -> True
VALID:[2, 3, 4, 4, 4, 4] 234444 -> False
VALID:[2, 3, 4, 4, 4, 5] 234445 -> False
VALID:[2, 3, 4, 4, 4, 6] 234446 -> False
VALID:[2, 3, 4, 4, 4, 7] 234447 -> False
VALID:[2, 3, 4, 4, 4, 8] 234448 -> False
VALID:[2, 3, 4, 4, 4, 9] 234449 -> False
VALID:[2, 3, 4, 4, 5, 5] 234455 -> True
VALID:[2, 3, 4, 4, 5, 6] 234456 -> True
VALID:[2, 3, 4, 4, 5, 7] 234457 -> True
VALID:[2, 3, 4, 4, 5, 8] 234458 -> True
VALID:[2, 3, 4, 4, 5, 9] 234459 -> True
VALID:[2, 3, 4, 4, 6, 6] 234466 -> True
VALID:[2, 3, 4, 4, 6, 7] 234467 -> True
VALID:[2, 3, 4, 4, 6, 8] 234468 -> True
VALID:[2, 3, 4, 4, 6, 9] 234469 -> True
VALID:[2, 3, 4, 4, 7, 7] 234477 -> True
VALID:[2, 3, 4, 4, 7, 8] 234478 -> True
VALID:[2, 3, 4, 4, 7, 9] 234479 -> True
VALID:[2, 3, 4, 4, 8, 8] 234488 -> True
VALID:[2, 3, 4, 4, 8, 9] 234489 -> True
VALID:[2, 3, 4, 4, 9, 9] 234499 -> True
VALID:[2, 3, 4, 5, 5, 5] 234555 -> False
VALID:[2, 3, 4, 5, 5, 6] 234556 -> True
VALID:[2, 3, 4, 5, 5, 7] 234557 -> True
VALID:[2, 3, 4, 5, 5, 8] 234558 -> True
VALID:[2, 3, 4, 5, 5, 9] 234559 -> True
VALID:[2, 3, 4, 5, 6, 6] 234566 -> True
VALID:[2, 3, 4, 5, 6, 7] 234567 -> False
VALID:[2, 3, 4, 5, 6, 8] 234568 -> False
VALID:[2, 3, 4, 5, 6, 9] 234569 -> False
VALID:[2, 3, 4, 5, 7, 7] 234577 -> True
VALID:[2, 3, 4, 5, 7, 8] 234578 -> False
VALID:[2, 3, 4, 5, 7, 9] 234579 -> False
VALID:[2, 3, 4, 5, 8, 8] 234588 -> True
VALID:[2, 3, 4, 5, 8, 9] 234589 -> False
VALID:[2, 3, 4, 5, 9, 9] 234599 -> True
VALID:[2, 3, 4, 6, 6, 6] 234666 -> False
VALID:[2, 3, 4, 6, 6, 7] 234667 -> True
VALID:[2, 3, 4, 6, 6, 8] 234668 -> True
VALID:[2, 3, 4, 6, 6, 9] 234669 -> True
VALID:[2, 3, 4, 6, 7, 7] 234677 -> True
VALID:[2, 3, 4, 6, 7, 8] 234678 -> False
VALID:[2, 3, 4, 6, 7, 9] 234679 -> False
VALID:[2, 3, 4, 6, 8, 8] 234688 -> True
VALID:[2, 3, 4, 6, 8, 9] 234689 -> False
VALID:[2, 3, 4, 6, 9, 9] 234699 -> True
VALID:[2, 3, 4, 7, 7, 7] 234777 -> False
VALID:[2, 3, 4, 7, 7, 8] 234778 -> True
VALID:[2, 3, 4, 7, 7, 9] 234779 -> True
VALID:[2, 3, 4, 7, 8, 8] 234788 -> True
VALID:[2, 3, 4, 7, 8, 9] 234789 -> False
VALID:[2, 3, 4, 7, 9, 9] 234799 -> True
VALID:[2, 3, 4, 8, 8, 8] 234888 -> False
VALID:[2, 3, 4, 8, 8, 9] 234889 -> True
VALID:[2, 3, 4, 8, 9, 9] 234899 -> True
VALID:[2, 3, 4, 9, 9, 9] 234999 -> False
VALID:[2, 3, 5, 5, 5, 5] 235555 -> False
VALID:[2, 3, 5, 5, 5, 6] 235556 -> False
VALID:[2, 3, 5, 5, 5, 7] 235557 -> False
VALID:[2, 3, 5, 5, 5, 8] 235558 -> False
VALID:[2, 3, 5, 5, 5, 9] 235559 -> False
VALID:[2, 3, 5, 5, 6, 6] 235566 -> True
VALID:[2, 3, 5, 5, 6, 7] 235567 -> True
VALID:[2, 3, 5, 5, 6, 8] 235568 -> True
VALID:[2, 3, 5, 5, 6, 9] 235569 -> True
VALID:[2, 3, 5, 5, 7, 7] 235577 -> True
VALID:[2, 3, 5, 5, 7, 8] 235578 -> True
VALID:[2, 3, 5, 5, 7, 9] 235579 -> True
VALID:[2, 3, 5, 5, 8, 8] 235588 -> True
VALID:[2, 3, 5, 5, 8, 9] 235589 -> True
VALID:[2, 3, 5, 5, 9, 9] 235599 -> True
VALID:[2, 3, 5, 6, 6, 6] 235666 -> False
VALID:[2, 3, 5, 6, 6, 7] 235667 -> True
VALID:[2, 3, 5, 6, 6, 8] 235668 -> True
VALID:[2, 3, 5, 6, 6, 9] 235669 -> True
VALID:[2, 3, 5, 6, 7, 7] 235677 -> True
VALID:[2, 3, 5, 6, 7, 8] 235678 -> False
VALID:[2, 3, 5, 6, 7, 9] 235679 -> False
VALID:[2, 3, 5, 6, 8, 8] 235688 -> True
VALID:[2, 3, 5, 6, 8, 9] 235689 -> False
VALID:[2, 3, 5, 6, 9, 9] 235699 -> True
VALID:[2, 3, 5, 7, 7, 7] 235777 -> False
VALID:[2, 3, 5, 7, 7, 8] 235778 -> True
VALID:[2, 3, 5, 7, 7, 9] 235779 -> True
VALID:[2, 3, 5, 7, 8, 8] 235788 -> True
VALID:[2, 3, 5, 7, 8, 9] 235789 -> False
VALID:[2, 3, 5, 7, 9, 9] 235799 -> True
VALID:[2, 3, 5, 8, 8, 8] 235888 -> False
VALID:[2, 3, 5, 8, 8, 9] 235889 -> True
VALID:[2, 3, 5, 8, 9, 9] 235899 -> True
VALID:[2, 3, 5, 9, 9, 9] 235999 -> False
VALID:[2, 3, 6, 6, 6, 6] 236666 -> False
VALID:[2, 3, 6, 6, 6, 7] 236667 -> False
VALID:[2, 3, 6, 6, 6, 8] 236668 -> False
VALID:[2, 3, 6, 6, 6, 9] 236669 -> False
VALID:[2, 3, 6, 6, 7, 7] 236677 -> True
VALID:[2, 3, 6, 6, 7, 8] 236678 -> True
VALID:[2, 3, 6, 6, 7, 9] 236679 -> True
VALID:[2, 3, 6, 6, 8, 8] 236688 -> True
VALID:[2, 3, 6, 6, 8, 9] 236689 -> True
VALID:[2, 3, 6, 6, 9, 9] 236699 -> True
VALID:[2, 3, 6, 7, 7, 7] 236777 -> False
VALID:[2, 3, 6, 7, 7, 8] 236778 -> True
VALID:[2, 3, 6, 7, 7, 9] 236779 -> True
VALID:[2, 3, 6, 7, 8, 8] 236788 -> True
VALID:[2, 3, 6, 7, 8, 9] 236789 -> False
VALID:[2, 3, 6, 7, 9, 9] 236799 -> True
VALID:[2, 3, 6, 8, 8, 8] 236888 -> False
VALID:[2, 3, 6, 8, 8, 9] 236889 -> True
VALID:[2, 3, 6, 8, 9, 9] 236899 -> True
VALID:[2, 3, 6, 9, 9, 9] 236999 -> False
VALID:[2, 3, 7, 7, 7, 7] 237777 -> False
VALID:[2, 3, 7, 7, 7, 8] 237778 -> False
VALID:[2, 3, 7, 7, 7, 9] 237779 -> False
VALID:[2, 3, 7, 7, 8, 8] 237788 -> True
VALID:[2, 3, 7, 7, 8, 9] 237789 -> True
VALID:[2, 3, 7, 7, 9, 9] 237799 -> True
VALID:[2, 3, 7, 8, 8, 8] 237888 -> False
VALID:[2, 3, 7, 8, 8, 9] 237889 -> True
VALID:[2, 3, 7, 8, 9, 9] 237899 -> True
VALID:[2, 3, 7, 9, 9, 9] 237999 -> False
VALID:[2, 3, 8, 8, 8, 8] 238888 -> False
VALID:[2, 3, 8, 8, 8, 9] 238889 -> False
VALID:[2, 3, 8, 8, 9, 9] 238899 -> True
VALID:[2, 3, 8, 9, 9, 9] 238999 -> False
VALID:[2, 3, 9, 9, 9, 9] 239999 -> False
VALID:[2, 4, 4, 4, 4, 4] 244444 -> False
VALID:[2, 4, 4, 4, 4, 5] 244445 -> False
VALID:[2, 4, 4, 4, 4, 6] 244446 -> False
VALID:[2, 4, 4, 4, 4, 7] 244447 -> False
VALID:[2, 4, 4, 4, 4, 8] 244448 -> False
VALID:[2, 4, 4, 4, 4, 9] 244449 -> False
VALID:[2, 4, 4, 4, 5, 5] 244455 -> True
VALID:[2, 4, 4, 4, 5, 6] 244456 -> False
VALID:[2, 4, 4, 4, 5, 7] 244457 -> False
VALID:[2, 4, 4, 4, 5, 8] 244458 -> False
VALID:[2, 4, 4, 4, 5, 9] 244459 -> False
VALID:[2, 4, 4, 4, 6, 6] 244466 -> True
VALID:[2, 4, 4, 4, 6, 7] 244467 -> False
VALID:[2, 4, 4, 4, 6, 8] 244468 -> False
VALID:[2, 4, 4, 4, 6, 9] 244469 -> False
VALID:[2, 4, 4, 4, 7, 7] 244477 -> True
VALID:[2, 4, 4, 4, 7, 8] 244478 -> False
VALID:[2, 4, 4, 4, 7, 9] 244479 -> False
VALID:[2, 4, 4, 4, 8, 8] 244488 -> True
VALID:[2, 4, 4, 4, 8, 9] 244489 -> False
VALID:[2, 4, 4, 4, 9, 9] 244499 -> True
VALID:[2, 4, 4, 5, 5, 5] 244555 -> True
VALID:[2, 4, 4, 5, 5, 6] 244556 -> True
VALID:[2, 4, 4, 5, 5, 7] 244557 -> True
VALID:[2, 4, 4, 5, 5, 8] 244558 -> True
VALID:[2, 4, 4, 5, 5, 9] 244559 -> True
VALID:[2, 4, 4, 5, 6, 6] 244566 -> True
VALID:[2, 4, 4, 5, 6, 7] 244567 -> True
VALID:[2, 4, 4, 5, 6, 8] 244568 -> True
VALID:[2, 4, 4, 5, 6, 9] 244569 -> True
VALID:[2, 4, 4, 5, 7, 7] 244577 -> True
VALID:[2, 4, 4, 5, 7, 8] 244578 -> True
VALID:[2, 4, 4, 5, 7, 9] 244579 -> True
VALID:[2, 4, 4, 5, 8, 8] 244588 -> True
VALID:[2, 4, 4, 5, 8, 9] 244589 -> True
VALID:[2, 4, 4, 5, 9, 9] 244599 -> True
VALID:[2, 4, 4, 6, 6, 6] 244666 -> True
VALID:[2, 4, 4, 6, 6, 7] 244667 -> True
VALID:[2, 4, 4, 6, 6, 8] 244668 -> True
VALID:[2, 4, 4, 6, 6, 9] 244669 -> True
VALID:[2, 4, 4, 6, 7, 7] 244677 -> True
VALID:[2, 4, 4, 6, 7, 8] 244678 -> True
VALID:[2, 4, 4, 6, 7, 9] 244679 -> True
VALID:[2, 4, 4, 6, 8, 8] 244688 -> True
VALID:[2, 4, 4, 6, 8, 9] 244689 -> True
VALID:[2, 4, 4, 6, 9, 9] 244699 -> True
VALID:[2, 4, 4, 7, 7, 7] 244777 -> True
VALID:[2, 4, 4, 7, 7, 8] 244778 -> True
VALID:[2, 4, 4, 7, 7, 9] 244779 -> True
VALID:[2, 4, 4, 7, 8, 8] 244788 -> True
VALID:[2, 4, 4, 7, 8, 9] 244789 -> True
VALID:[2, 4, 4, 7, 9, 9] 244799 -> True
VALID:[2, 4, 4, 8, 8, 8] 244888 -> True
VALID:[2, 4, 4, 8, 8, 9] 244889 -> True
VALID:[2, 4, 4, 8, 9, 9] 244899 -> True
VALID:[2, 4, 4, 9, 9, 9] 244999 -> True
VALID:[2, 4, 5, 5, 5, 5] 245555 -> False
VALID:[2, 4, 5, 5, 5, 6] 245556 -> False
VALID:[2, 4, 5, 5, 5, 7] 245557 -> False
VALID:[2, 4, 5, 5, 5, 8] 245558 -> False
VALID:[2, 4, 5, 5, 5, 9] 245559 -> False
VALID:[2, 4, 5, 5, 6, 6] 245566 -> True
VALID:[2, 4, 5, 5, 6, 7] 245567 -> True
VALID:[2, 4, 5, 5, 6, 8] 245568 -> True
VALID:[2, 4, 5, 5, 6, 9] 245569 -> True
VALID:[2, 4, 5, 5, 7, 7] 245577 -> True
VALID:[2, 4, 5, 5, 7, 8] 245578 -> True
VALID:[2, 4, 5, 5, 7, 9] 245579 -> True
VALID:[2, 4, 5, 5, 8, 8] 245588 -> True
VALID:[2, 4, 5, 5, 8, 9] 245589 -> True
VALID:[2, 4, 5, 5, 9, 9] 245599 -> True
VALID:[2, 4, 5, 6, 6, 6] 245666 -> False
VALID:[2, 4, 5, 6, 6, 7] 245667 -> True
VALID:[2, 4, 5, 6, 6, 8] 245668 -> True
VALID:[2, 4, 5, 6, 6, 9] 245669 -> True
VALID:[2, 4, 5, 6, 7, 7] 245677 -> True
VALID:[2, 4, 5, 6, 8, 8] 245688 -> True
VALID:[2, 4, 5, 6, 9, 9] 245699 -> True
VALID:[2, 4, 5, 7, 7, 7] 245777 -> False
VALID:[2, 4, 5, 7, 7, 8] 245778 -> True
VALID:[2, 4, 5, 7, 7, 9] 245779 -> True
VALID:[2, 4, 5, 7, 8, 8] 245788 -> True
VALID:[2, 4, 5, 7, 9, 9] 245799 -> True
VALID:[2, 4, 5, 8, 8, 8] 245888 -> False
VALID:[2, 4, 5, 8, 8, 9] 245889 -> True
VALID:[2, 4, 5, 8, 9, 9] 245899 -> True
VALID:[2, 4, 5, 9, 9, 9] 245999 -> False
VALID:[2, 4, 6, 6, 6, 6] 246666 -> False
VALID:[2, 4, 6, 6, 6, 7] 246667 -> False
VALID:[2, 4, 6, 6, 6, 8] 246668 -> False
VALID:[2, 4, 6, 6, 6, 9] 246669 -> False
VALID:[2, 4, 6, 6, 7, 7] 246677 -> True
VALID:[2, 4, 6, 6, 7, 8] 246678 -> True
VALID:[2, 4, 6, 6, 7, 9] 246679 -> True
VALID:[2, 4, 6, 6, 8, 8] 246688 -> True
VALID:[2, 4, 6, 6, 8, 9] 246689 -> True
VALID:[2, 4, 6, 6, 9, 9] 246699 -> True
VALID:[2, 4, 6, 7, 7, 7] 246777 -> False
VALID:[2, 4, 6, 7, 7, 8] 246778 -> True
VALID:[2, 4, 6, 7, 7, 9] 246779 -> True
VALID:[2, 4, 6, 7, 8, 8] 246788 -> True
VALID:[2, 4, 6, 7, 9, 9] 246799 -> True
VALID:[2, 4, 6, 8, 8, 8] 246888 -> False
VALID:[2, 4, 6, 8, 8, 9] 246889 -> True
VALID:[2, 4, 6, 8, 9, 9] 246899 -> True
VALID:[2, 4, 6, 9, 9, 9] 246999 -> False
VALID:[2, 4, 7, 7, 7, 7] 247777 -> False
VALID:[2, 4, 7, 7, 7, 8] 247778 -> False
VALID:[2, 4, 7, 7, 7, 9] 247779 -> False
VALID:[2, 4, 7, 7, 8, 8] 247788 -> True
VALID:[2, 4, 7, 7, 8, 9] 247789 -> True
VALID:[2, 4, 7, 7, 9, 9] 247799 -> True
VALID:[2, 4, 7, 8, 8, 8] 247888 -> False
VALID:[2, 4, 7, 8, 8, 9] 247889 -> True
VALID:[2, 4, 7, 8, 9, 9] 247899 -> True
VALID:[2, 4, 7, 9, 9, 9] 247999 -> False
VALID:[2, 4, 8, 8, 8, 8] 248888 -> False
VALID:[2, 4, 8, 8, 8, 9] 248889 -> False
VALID:[2, 4, 8, 8, 9, 9] 248899 -> True
VALID:[2, 4, 8, 9, 9, 9] 248999 -> False
VALID:[2, 4, 9, 9, 9, 9] 249999 -> False
VALID:[2, 5, 5, 5, 5, 5] 255555 -> False
VALID:[2, 5, 5, 5, 5, 6] 255556 -> False
VALID:[2, 5, 5, 5, 5, 7] 255557 -> False
VALID:[2, 5, 5, 5, 5, 8] 255558 -> False
VALID:[2, 5, 5, 5, 5, 9] 255559 -> False
VALID:[2, 5, 5, 5, 6, 6] 255566 -> True
VALID:[2, 5, 5, 5, 6, 7] 255567 -> False
VALID:[2, 5, 5, 5, 6, 8] 255568 -> False
VALID:[2, 5, 5, 5, 6, 9] 255569 -> False
VALID:[2, 5, 5, 5, 7, 7] 255577 -> True
VALID:[2, 5, 5, 5, 7, 8] 255578 -> False
VALID:[2, 5, 5, 5, 7, 9] 255579 -> False
VALID:[2, 5, 5, 5, 8, 8] 255588 -> True
VALID:[2, 5, 5, 5, 8, 9] 255589 -> False
VALID:[2, 5, 5, 5, 9, 9] 255599 -> True
VALID:[2, 5, 5, 6, 6, 6] 255666 -> True
VALID:[2, 5, 5, 6, 6, 7] 255667 -> True
VALID:[2, 5, 5, 6, 6, 8] 255668 -> True
VALID:[2, 5, 5, 6, 6, 9] 255669 -> True
VALID:[2, 5, 5, 6, 7, 7] 255677 -> True
VALID:[2, 5, 5, 6, 7, 8] 255678 -> True
VALID:[2, 5, 5, 6, 7, 9] 255679 -> True
VALID:[2, 5, 5, 6, 8, 8] 255688 -> True
VALID:[2, 5, 5, 6, 8, 9] 255689 -> True
VALID:[2, 5, 5, 6, 9, 9] 255699 -> True
VALID:[2, 5, 5, 7, 7, 7] 255777 -> True
VALID:[2, 5, 5, 7, 7, 8] 255778 -> True
VALID:[2, 5, 5, 7, 7, 9] 255779 -> True
VALID:[2, 5, 5, 7, 8, 8] 255788 -> True
VALID:[2, 5, 5, 7, 8, 9] 255789 -> True
VALID:[2, 5, 5, 7, 9, 9] 255799 -> True
VALID:[2, 5, 5, 8, 8, 8] 255888 -> True
VALID:[2, 5, 5, 8, 8, 9] 255889 -> True
VALID:[2, 5, 5, 8, 9, 9] 255899 -> True
VALID:[2, 5, 5, 9, 9, 9] 255999 -> True
VALID:[2, 5, 6, 6, 6, 6] 256666 -> False
VALID:[2, 5, 6, 6, 6, 7] 256667 -> False
VALID:[2, 5, 6, 6, 6, 8] 256668 -> False
VALID:[2, 5, 6, 6, 6, 9] 256669 -> False
VALID:[2, 5, 6, 6, 7, 7] 256677 -> True
VALID:[2, 5, 6, 6, 7, 8] 256678 -> True
VALID:[2, 5, 6, 6, 7, 9] 256679 -> True
VALID:[2, 5, 6, 6, 8, 8] 256688 -> True
VALID:[2, 5, 6, 6, 8, 9] 256689 -> True
VALID:[2, 5, 6, 6, 9, 9] 256699 -> True
VALID:[2, 5, 6, 7, 7, 7] 256777 -> False
VALID:[2, 5, 6, 7, 7, 8] 256778 -> True
VALID:[2, 5, 6, 7, 7, 9] 256779 -> True
VALID:[2, 5, 6, 7, 8, 8] 256788 -> True
VALID:[2, 5, 6, 7, 9, 9] 256799 -> True
VALID:[2, 5, 6, 8, 8, 8] 256888 -> False
VALID:[2, 5, 6, 8, 8, 9] 256889 -> True
VALID:[2, 5, 6, 8, 9, 9] 256899 -> True
VALID:[2, 5, 6, 9, 9, 9] 256999 -> False
VALID:[2, 5, 7, 7, 7, 7] 257777 -> False
VALID:[2, 5, 7, 7, 7, 8] 257778 -> False
VALID:[2, 5, 7, 7, 7, 9] 257779 -> False
VALID:[2, 5, 7, 7, 8, 8] 257788 -> True
VALID:[2, 5, 7, 7, 8, 9] 257789 -> True
VALID:[2, 5, 7, 7, 9, 9] 257799 -> True
VALID:[2, 5, 7, 8, 8, 8] 257888 -> False
VALID:[2, 5, 7, 8, 8, 9] 257889 -> True
VALID:[2, 5, 7, 8, 9, 9] 257899 -> True
VALID:[2, 5, 7, 9, 9, 9] 257999 -> False
VALID:[2, 5, 8, 8, 8, 8] 258888 -> False
VALID:[2, 5, 8, 8, 8, 9] 258889 -> False
VALID:[2, 5, 8, 8, 9, 9] 258899 -> True
VALID:[2, 5, 8, 9, 9, 9] 258999 -> False
VALID:[2, 5, 9, 9, 9, 9] 259999 -> False
VALID:[2, 6, 6, 6, 6, 6] 266666 -> False
VALID:[2, 6, 6, 6, 6, 7] 266667 -> False
VALID:[2, 6, 6, 6, 6, 8] 266668 -> False
VALID:[2, 6, 6, 6, 6, 9] 266669 -> False
VALID:[2, 6, 6, 6, 7, 7] 266677 -> True
VALID:[2, 6, 6, 6, 7, 8] 266678 -> False
VALID:[2, 6, 6, 6, 7, 9] 266679 -> False
VALID:[2, 6, 6, 6, 8, 8] 266688 -> True
VALID:[2, 6, 6, 6, 8, 9] 266689 -> False
VALID:[2, 6, 6, 6, 9, 9] 266699 -> True
VALID:[2, 6, 6, 7, 7, 7] 266777 -> True
VALID:[2, 6, 6, 7, 7, 8] 266778 -> True
VALID:[2, 6, 6, 7, 7, 9] 266779 -> True
VALID:[2, 6, 6, 7, 8, 8] 266788 -> True
VALID:[2, 6, 6, 7, 8, 9] 266789 -> True
VALID:[2, 6, 6, 7, 9, 9] 266799 -> True
VALID:[2, 6, 6, 8, 8, 8] 266888 -> True
VALID:[2, 6, 6, 8, 8, 9] 266889 -> True
VALID:[2, 6, 6, 8, 9, 9] 266899 -> True
VALID:[2, 6, 6, 9, 9, 9] 266999 -> True
VALID:[2, 6, 7, 7, 7, 7] 267777 -> False
VALID:[2, 6, 7, 7, 7, 8] 267778 -> False
VALID:[2, 6, 7, 7, 7, 9] 267779 -> False
VALID:[2, 6, 7, 7, 8, 8] 267788 -> True
VALID:[2, 6, 7, 7, 8, 9] 267789 -> True
VALID:[2, 6, 7, 7, 9, 9] 267799 -> True
VALID:[2, 6, 7, 8, 8, 8] 267888 -> False
VALID:[2, 6, 7, 8, 8, 9] 267889 -> True
VALID:[2, 6, 7, 8, 9, 9] 267899 -> True
VALID:[2, 6, 7, 9, 9, 9] 267999 -> False
VALID:[2, 6, 8, 8, 8, 8] 268888 -> False
VALID:[2, 6, 8, 8, 8, 9] 268889 -> False
VALID:[2, 6, 8, 8, 9, 9] 268899 -> True
VALID:[2, 6, 8, 9, 9, 9] 268999 -> False
VALID:[2, 6, 9, 9, 9, 9] 269999 -> False
VALID:[2, 7, 7, 7, 7, 7] 277777 -> False
VALID:[2, 7, 7, 7, 7, 8] 277778 -> False
VALID:[2, 7, 7, 7, 7, 9] 277779 -> False
VALID:[2, 7, 7, 7, 8, 8] 277788 -> True
VALID:[2, 7, 7, 7, 8, 9] 277789 -> False
VALID:[2, 7, 7, 7, 9, 9] 277799 -> True
VALID:[2, 7, 7, 8, 8, 8] 277888 -> True
VALID:[2, 7, 7, 8, 8, 9] 277889 -> True
VALID:[2, 7, 7, 8, 9, 9] 277899 -> True
VALID:[2, 7, 7, 9, 9, 9] 277999 -> True
VALID:[2, 7, 8, 8, 8, 8] 278888 -> False
VALID:[2, 7, 8, 8, 8, 9] 278889 -> False
VALID:[2, 7, 8, 8, 9, 9] 278899 -> True
VALID:[2, 7, 8, 9, 9, 9] 278999 -> False
VALID:[2, 7, 9, 9, 9, 9] 279999 -> False
VALID:[2, 8, 8, 8, 8, 8] 288888 -> False
VALID:[2, 8, 8, 8, 8, 9] 288889 -> False
VALID:[2, 8, 8, 8, 9, 9] 288899 -> True
VALID:[2, 8, 8, 9, 9, 9] 288999 -> True
VALID:[2, 8, 9, 9, 9, 9] 289999 -> False
VALID:[2, 9, 9, 9, 9, 9] 299999 -> False
VALID:[2, 4, 4, 4, 4, 4] 244444 -> False
VALID:[2, 4, 4, 4, 4, 5] 244445 -> False
VALID:[2, 4, 4, 4, 4, 6] 244446 -> False
VALID:[2, 4, 4, 4, 4, 7] 244447 -> False
VALID:[2, 4, 4, 4, 4, 8] 244448 -> False
VALID:[2, 4, 4, 4, 4, 9] 244449 -> False
VALID:[2, 4, 4, 4, 5, 5] 244455 -> True
VALID:[2, 4, 4, 4, 5, 6] 244456 -> False
VALID:[2, 4, 4, 4, 5, 7] 244457 -> False
VALID:[2, 4, 4, 4, 5, 8] 244458 -> False
VALID:[2, 4, 4, 4, 5, 9] 244459 -> False
VALID:[2, 4, 4, 4, 6, 6] 244466 -> True
VALID:[2, 4, 4, 4, 6, 7] 244467 -> False
VALID:[2, 4, 4, 4, 6, 8] 244468 -> False
VALID:[2, 4, 4, 4, 6, 9] 244469 -> False
VALID:[2, 4, 4, 4, 7, 7] 244477 -> True
VALID:[2, 4, 4, 4, 7, 8] 244478 -> False
VALID:[2, 4, 4, 4, 7, 9] 244479 -> False
VALID:[2, 4, 4, 4, 8, 8] 244488 -> True
VALID:[2, 4, 4, 4, 8, 9] 244489 -> False
VALID:[2, 4, 4, 4, 9, 9] 244499 -> True
VALID:[2, 4, 4, 5, 5, 5] 244555 -> True
VALID:[2, 4, 4, 5, 5, 6] 244556 -> True
VALID:[2, 4, 4, 5, 5, 7] 244557 -> True
VALID:[2, 4, 4, 5, 5, 8] 244558 -> True
VALID:[2, 4, 4, 5, 5, 9] 244559 -> True
VALID:[2, 4, 4, 5, 6, 6] 244566 -> True
VALID:[2, 4, 4, 5, 6, 7] 244567 -> True
VALID:[2, 4, 4, 5, 6, 8] 244568 -> True
VALID:[2, 4, 4, 5, 6, 9] 244569 -> True
VALID:[2, 4, 4, 5, 7, 7] 244577 -> True
VALID:[2, 4, 4, 5, 7, 8] 244578 -> True
VALID:[2, 4, 4, 5, 7, 9] 244579 -> True
VALID:[2, 4, 4, 5, 8, 8] 244588 -> True
VALID:[2, 4, 4, 5, 8, 9] 244589 -> True
VALID:[2, 4, 4, 5, 9, 9] 244599 -> True
VALID:[2, 4, 4, 6, 6, 6] 244666 -> True
VALID:[2, 4, 4, 6, 6, 7] 244667 -> True
VALID:[2, 4, 4, 6, 6, 8] 244668 -> True
VALID:[2, 4, 4, 6, 6, 9] 244669 -> True
VALID:[2, 4, 4, 6, 7, 7] 244677 -> True
VALID:[2, 4, 4, 6, 7, 8] 244678 -> True
VALID:[2, 4, 4, 6, 7, 9] 244679 -> True
VALID:[2, 4, 4, 6, 8, 8] 244688 -> True
VALID:[2, 4, 4, 6, 8, 9] 244689 -> True
VALID:[2, 4, 4, 6, 9, 9] 244699 -> True
VALID:[2, 4, 4, 7, 7, 7] 244777 -> True
VALID:[2, 4, 4, 7, 7, 8] 244778 -> True
VALID:[2, 4, 4, 7, 7, 9] 244779 -> True
VALID:[2, 4, 4, 7, 8, 8] 244788 -> True
VALID:[2, 4, 4, 7, 8, 9] 244789 -> True
VALID:[2, 4, 4, 7, 9, 9] 244799 -> True
VALID:[2, 4, 4, 8, 8, 8] 244888 -> True
VALID:[2, 4, 4, 8, 8, 9] 244889 -> True
VALID:[2, 4, 4, 8, 9, 9] 244899 -> True
VALID:[2, 4, 4, 9, 9, 9] 244999 -> True
VALID:[2, 4, 5, 5, 5, 5] 245555 -> False
VALID:[2, 4, 5, 5, 5, 6] 245556 -> False
VALID:[2, 4, 5, 5, 5, 7] 245557 -> False
VALID:[2, 4, 5, 5, 5, 8] 245558 -> False
VALID:[2, 4, 5, 5, 5, 9] 245559 -> False
VALID:[2, 4, 5, 5, 6, 6] 245566 -> True
VALID:[2, 4, 5, 5, 6, 7] 245567 -> True
VALID:[2, 4, 5, 5, 6, 8] 245568 -> True
VALID:[2, 4, 5, 5, 6, 9] 245569 -> True
VALID:[2, 4, 5, 5, 7, 7] 245577 -> True
VALID:[2, 4, 5, 5, 7, 8] 245578 -> True
VALID:[2, 4, 5, 5, 7, 9] 245579 -> True
VALID:[2, 4, 5, 5, 8, 8] 245588 -> True
VALID:[2, 4, 5, 5, 8, 9] 245589 -> True
VALID:[2, 4, 5, 5, 9, 9] 245599 -> True
VALID:[2, 4, 5, 6, 6, 6] 245666 -> False
VALID:[2, 4, 5, 6, 6, 7] 245667 -> True
VALID:[2, 4, 5, 6, 6, 8] 245668 -> True
VALID:[2, 4, 5, 6, 6, 9] 245669 -> True
VALID:[2, 4, 5, 6, 7, 7] 245677 -> True
VALID:[2, 4, 5, 6, 7, 8] 245678 -> False
VALID:[2, 4, 5, 6, 7, 9] 245679 -> False
VALID:[2, 4, 5, 6, 8, 8] 245688 -> True
VALID:[2, 4, 5, 6, 8, 9] 245689 -> False
VALID:[2, 4, 5, 6, 9, 9] 245699 -> True
VALID:[2, 4, 5, 7, 7, 7] 245777 -> False
VALID:[2, 4, 5, 7, 7, 8] 245778 -> True
VALID:[2, 4, 5, 7, 7, 9] 245779 -> True
VALID:[2, 4, 5, 7, 8, 8] 245788 -> True
VALID:[2, 4, 5, 7, 8, 9] 245789 -> False
VALID:[2, 4, 5, 7, 9, 9] 245799 -> True
VALID:[2, 4, 5, 8, 8, 8] 245888 -> False
VALID:[2, 4, 5, 8, 8, 9] 245889 -> True
VALID:[2, 4, 5, 8, 9, 9] 245899 -> True
VALID:[2, 4, 5, 9, 9, 9] 245999 -> False
VALID:[2, 4, 6, 6, 6, 6] 246666 -> False
VALID:[2, 4, 6, 6, 6, 7] 246667 -> False
VALID:[2, 4, 6, 6, 6, 8] 246668 -> False
VALID:[2, 4, 6, 6, 6, 9] 246669 -> False
VALID:[2, 4, 6, 6, 7, 7] 246677 -> True
VALID:[2, 4, 6, 6, 7, 8] 246678 -> True
VALID:[2, 4, 6, 6, 7, 9] 246679 -> True
VALID:[2, 4, 6, 6, 8, 8] 246688 -> True
VALID:[2, 4, 6, 6, 8, 9] 246689 -> True
VALID:[2, 4, 6, 6, 9, 9] 246699 -> True
VALID:[2, 4, 6, 7, 7, 7] 246777 -> False
VALID:[2, 4, 6, 7, 7, 8] 246778 -> True
VALID:[2, 4, 6, 7, 7, 9] 246779 -> True
VALID:[2, 4, 6, 7, 8, 8] 246788 -> True
VALID:[2, 4, 6, 7, 8, 9] 246789 -> False
VALID:[2, 4, 6, 7, 9, 9] 246799 -> True
VALID:[2, 4, 6, 8, 8, 8] 246888 -> False
VALID:[2, 4, 6, 8, 8, 9] 246889 -> True
VALID:[2, 4, 6, 8, 9, 9] 246899 -> True
VALID:[2, 4, 6, 9, 9, 9] 246999 -> False
VALID:[2, 4, 7, 7, 7, 7] 247777 -> False
VALID:[2, 4, 7, 7, 7, 8] 247778 -> False
VALID:[2, 4, 7, 7, 7, 9] 247779 -> False
VALID:[2, 4, 7, 7, 8, 8] 247788 -> True
VALID:[2, 4, 7, 7, 8, 9] 247789 -> True
VALID:[2, 4, 7, 7, 9, 9] 247799 -> True
VALID:[2, 4, 7, 8, 8, 8] 247888 -> False
VALID:[2, 4, 7, 8, 8, 9] 247889 -> True
VALID:[2, 4, 7, 8, 9, 9] 247899 -> True
VALID:[2, 4, 7, 9, 9, 9] 247999 -> False
VALID:[2, 4, 8, 8, 8, 8] 248888 -> False
VALID:[2, 4, 8, 8, 8, 9] 248889 -> False
VALID:[2, 4, 8, 8, 9, 9] 248899 -> True
VALID:[2, 4, 8, 9, 9, 9] 248999 -> False
VALID:[2, 4, 9, 9, 9, 9] 249999 -> False
VALID:[2, 5, 5, 5, 5, 5] 255555 -> False
VALID:[2, 5, 5, 5, 5, 6] 255556 -> False
VALID:[2, 5, 5, 5, 5, 7] 255557 -> False
VALID:[2, 5, 5, 5, 5, 8] 255558 -> False
VALID:[2, 5, 5, 5, 5, 9] 255559 -> False
VALID:[2, 5, 5, 5, 6, 6] 255566 -> True
VALID:[2, 5, 5, 5, 6, 7] 255567 -> False
VALID:[2, 5, 5, 5, 6, 8] 255568 -> False
VALID:[2, 5, 5, 5, 6, 9] 255569 -> False
VALID:[2, 5, 5, 5, 7, 7] 255577 -> True
VALID:[2, 5, 5, 5, 7, 8] 255578 -> False
VALID:[2, 5, 5, 5, 7, 9] 255579 -> False
VALID:[2, 5, 5, 5, 8, 8] 255588 -> True
VALID:[2, 5, 5, 5, 8, 9] 255589 -> False
VALID:[2, 5, 5, 5, 9, 9] 255599 -> True
VALID:[2, 5, 5, 6, 6, 6] 255666 -> True
VALID:[2, 5, 5, 6, 6, 7] 255667 -> True
VALID:[2, 5, 5, 6, 6, 8] 255668 -> True
VALID:[2, 5, 5, 6, 6, 9] 255669 -> True
VALID:[2, 5, 5, 6, 7, 7] 255677 -> True
VALID:[2, 5, 5, 6, 7, 8] 255678 -> True
VALID:[2, 5, 5, 6, 7, 9] 255679 -> True
VALID:[2, 5, 5, 6, 8, 8] 255688 -> True
VALID:[2, 5, 5, 6, 8, 9] 255689 -> True
VALID:[2, 5, 5, 6, 9, 9] 255699 -> True
VALID:[2, 5, 5, 7, 7, 7] 255777 -> True
VALID:[2, 5, 5, 7, 7, 8] 255778 -> True
VALID:[2, 5, 5, 7, 7, 9] 255779 -> True
VALID:[2, 5, 5, 7, 8, 8] 255788 -> True
VALID:[2, 5, 5, 7, 8, 9] 255789 -> True
VALID:[2, 5, 5, 7, 9, 9] 255799 -> True
VALID:[2, 5, 5, 8, 8, 8] 255888 -> True
VALID:[2, 5, 5, 8, 8, 9] 255889 -> True
VALID:[2, 5, 5, 8, 9, 9] 255899 -> True
VALID:[2, 5, 5, 9, 9, 9] 255999 -> True
VALID:[2, 5, 6, 6, 6, 6] 256666 -> False
VALID:[2, 5, 6, 6, 6, 7] 256667 -> False
VALID:[2, 5, 6, 6, 6, 8] 256668 -> False
VALID:[2, 5, 6, 6, 6, 9] 256669 -> False
VALID:[2, 5, 6, 6, 7, 7] 256677 -> True
VALID:[2, 5, 6, 6, 7, 8] 256678 -> True
VALID:[2, 5, 6, 6, 7, 9] 256679 -> True
VALID:[2, 5, 6, 6, 8, 8] 256688 -> True
VALID:[2, 5, 6, 6, 8, 9] 256689 -> True
VALID:[2, 5, 6, 6, 9, 9] 256699 -> True
VALID:[2, 5, 6, 7, 7, 7] 256777 -> False
VALID:[2, 5, 6, 7, 7, 8] 256778 -> True
VALID:[2, 5, 6, 7, 7, 9] 256779 -> True
VALID:[2, 5, 6, 7, 8, 8] 256788 -> True
VALID:[2, 5, 6, 7, 9, 9] 256799 -> True
VALID:[2, 5, 6, 8, 8, 8] 256888 -> False
VALID:[2, 5, 6, 8, 8, 9] 256889 -> True
VALID:[2, 5, 6, 8, 9, 9] 256899 -> True
VALID:[2, 5, 6, 9, 9, 9] 256999 -> False
VALID:[2, 5, 7, 7, 7, 7] 257777 -> False
VALID:[2, 5, 7, 7, 7, 8] 257778 -> False
VALID:[2, 5, 7, 7, 7, 9] 257779 -> False
VALID:[2, 5, 7, 7, 8, 8] 257788 -> True
VALID:[2, 5, 7, 7, 8, 9] 257789 -> True
VALID:[2, 5, 7, 7, 9, 9] 257799 -> True
VALID:[2, 5, 7, 8, 8, 8] 257888 -> False
VALID:[2, 5, 7, 8, 8, 9] 257889 -> True
VALID:[2, 5, 7, 8, 9, 9] 257899 -> True
VALID:[2, 5, 7, 9, 9, 9] 257999 -> False
VALID:[2, 5, 8, 8, 8, 8] 258888 -> False
VALID:[2, 5, 8, 8, 8, 9] 258889 -> False
VALID:[2, 5, 8, 8, 9, 9] 258899 -> True
VALID:[2, 5, 8, 9, 9, 9] 258999 -> False
VALID:[2, 5, 9, 9, 9, 9] 259999 -> False
VALID:[2, 6, 6, 6, 6, 6] 266666 -> False
VALID:[2, 6, 6, 6, 6, 7] 266667 -> False
VALID:[2, 6, 6, 6, 6, 8] 266668 -> False
VALID:[2, 6, 6, 6, 6, 9] 266669 -> False
VALID:[2, 6, 6, 6, 7, 7] 266677 -> True
VALID:[2, 6, 6, 6, 7, 8] 266678 -> False
VALID:[2, 6, 6, 6, 7, 9] 266679 -> False
VALID:[2, 6, 6, 6, 8, 8] 266688 -> True
VALID:[2, 6, 6, 6, 8, 9] 266689 -> False
VALID:[2, 6, 6, 6, 9, 9] 266699 -> True
VALID:[2, 6, 6, 7, 7, 7] 266777 -> True
VALID:[2, 6, 6, 7, 7, 8] 266778 -> True
VALID:[2, 6, 6, 7, 7, 9] 266779 -> True
VALID:[2, 6, 6, 7, 8, 8] 266788 -> True
VALID:[2, 6, 6, 7, 8, 9] 266789 -> True
VALID:[2, 6, 6, 7, 9, 9] 266799 -> True
VALID:[2, 6, 6, 8, 8, 8] 266888 -> True
VALID:[2, 6, 6, 8, 8, 9] 266889 -> True
VALID:[2, 6, 6, 8, 9, 9] 266899 -> True
VALID:[2, 6, 6, 9, 9, 9] 266999 -> True
VALID:[2, 6, 7, 7, 7, 7] 267777 -> False
VALID:[2, 6, 7, 7, 7, 8] 267778 -> False
VALID:[2, 6, 7, 7, 7, 9] 267779 -> False
VALID:[2, 6, 7, 7, 8, 8] 267788 -> True
VALID:[2, 6, 7, 7, 8, 9] 267789 -> True
VALID:[2, 6, 7, 7, 9, 9] 267799 -> True
VALID:[2, 6, 7, 8, 8, 8] 267888 -> False
VALID:[2, 6, 7, 8, 8, 9] 267889 -> True
VALID:[2, 6, 7, 8, 9, 9] 267899 -> True
VALID:[2, 6, 7, 9, 9, 9] 267999 -> False
VALID:[2, 6, 8, 8, 8, 8] 268888 -> False
VALID:[2, 6, 8, 8, 8, 9] 268889 -> False
VALID:[2, 6, 8, 8, 9, 9] 268899 -> True
VALID:[2, 6, 8, 9, 9, 9] 268999 -> False
VALID:[2, 6, 9, 9, 9, 9] 269999 -> False
VALID:[2, 7, 7, 7, 7, 7] 277777 -> False
VALID:[2, 7, 7, 7, 7, 8] 277778 -> False
VALID:[2, 7, 7, 7, 7, 9] 277779 -> False
VALID:[2, 7, 7, 7, 8, 8] 277788 -> True
VALID:[2, 7, 7, 7, 8, 9] 277789 -> False
VALID:[2, 7, 7, 7, 9, 9] 277799 -> True
VALID:[2, 7, 7, 8, 8, 8] 277888 -> True
VALID:[2, 7, 7, 8, 8, 9] 277889 -> True
VALID:[2, 7, 7, 8, 9, 9] 277899 -> True
VALID:[2, 7, 7, 9, 9, 9] 277999 -> True
VALID:[2, 7, 8, 8, 8, 8] 278888 -> False
VALID:[2, 7, 8, 8, 8, 9] 278889 -> False
VALID:[2, 7, 8, 8, 9, 9] 278899 -> True
VALID:[2, 7, 8, 9, 9, 9] 278999 -> False
VALID:[2, 7, 9, 9, 9, 9] 279999 -> False
VALID:[2, 8, 8, 8, 8, 8] 288888 -> False
VALID:[2, 8, 8, 8, 8, 9] 288889 -> False
VALID:[2, 8, 8, 8, 9, 9] 288899 -> True
VALID:[2, 8, 8, 9, 9, 9] 288999 -> True
VALID:[2, 8, 9, 9, 9, 9] 289999 -> False
VALID:[2, 9, 9, 9, 9, 9] 299999 -> False
VALID:[2, 5, 5, 5, 5, 5] 255555 -> False
VALID:[2, 5, 5, 5, 5, 6] 255556 -> False
VALID:[2, 5, 5, 5, 5, 7] 255557 -> False
VALID:[2, 5, 5, 5, 5, 8] 255558 -> False
VALID:[2, 5, 5, 5, 5, 9] 255559 -> False
VALID:[2, 5, 5, 5, 6, 6] 255566 -> True
VALID:[2, 5, 5, 5, 6, 7] 255567 -> False
VALID:[2, 5, 5, 5, 6, 8] 255568 -> False
VALID:[2, 5, 5, 5, 6, 9] 255569 -> False
VALID:[2, 5, 5, 5, 7, 7] 255577 -> True
VALID:[2, 5, 5, 5, 7, 8] 255578 -> False
VALID:[2, 5, 5, 5, 7, 9] 255579 -> False
VALID:[2, 5, 5, 5, 8, 8] 255588 -> True
VALID:[2, 5, 5, 5, 8, 9] 255589 -> False
VALID:[2, 5, 5, 5, 9, 9] 255599 -> True
VALID:[2, 5, 5, 6, 6, 6] 255666 -> True
VALID:[2, 5, 5, 6, 6, 7] 255667 -> True
VALID:[2, 5, 5, 6, 6, 8] 255668 -> True
VALID:[2, 5, 5, 6, 6, 9] 255669 -> True
VALID:[2, 5, 5, 6, 7, 7] 255677 -> True
VALID:[2, 5, 5, 6, 7, 8] 255678 -> True
VALID:[2, 5, 5, 6, 7, 9] 255679 -> True
VALID:[2, 5, 5, 6, 8, 8] 255688 -> True
VALID:[2, 5, 5, 6, 8, 9] 255689 -> True
VALID:[2, 5, 5, 6, 9, 9] 255699 -> True
VALID:[2, 5, 5, 7, 7, 7] 255777 -> True
VALID:[2, 5, 5, 7, 7, 8] 255778 -> True
VALID:[2, 5, 5, 7, 7, 9] 255779 -> True
VALID:[2, 5, 5, 7, 8, 8] 255788 -> True
VALID:[2, 5, 5, 7, 8, 9] 255789 -> True
VALID:[2, 5, 5, 7, 9, 9] 255799 -> True
VALID:[2, 5, 5, 8, 8, 8] 255888 -> True
VALID:[2, 5, 5, 8, 8, 9] 255889 -> True
VALID:[2, 5, 5, 8, 9, 9] 255899 -> True
VALID:[2, 5, 5, 9, 9, 9] 255999 -> True
VALID:[2, 5, 6, 6, 6, 6] 256666 -> False
VALID:[2, 5, 6, 6, 6, 7] 256667 -> False
VALID:[2, 5, 6, 6, 6, 8] 256668 -> False
VALID:[2, 5, 6, 6, 6, 9] 256669 -> False
VALID:[2, 5, 6, 6, 7, 7] 256677 -> True
VALID:[2, 5, 6, 6, 7, 8] 256678 -> True
VALID:[2, 5, 6, 6, 7, 9] 256679 -> True
VALID:[2, 5, 6, 6, 8, 8] 256688 -> True
VALID:[2, 5, 6, 6, 8, 9] 256689 -> True
VALID:[2, 5, 6, 6, 9, 9] 256699 -> True
VALID:[2, 5, 6, 7, 7, 7] 256777 -> False
VALID:[2, 5, 6, 7, 7, 8] 256778 -> True
VALID:[2, 5, 6, 7, 7, 9] 256779 -> True
VALID:[2, 5, 6, 7, 8, 8] 256788 -> True
VALID:[2, 5, 6, 7, 8, 9] 256789 -> False
VALID:[2, 5, 6, 7, 9, 9] 256799 -> True
VALID:[2, 5, 6, 8, 8, 8] 256888 -> False
VALID:[2, 5, 6, 8, 8, 9] 256889 -> True
VALID:[2, 5, 6, 8, 9, 9] 256899 -> True
VALID:[2, 5, 6, 9, 9, 9] 256999 -> False
VALID:[2, 5, 7, 7, 7, 7] 257777 -> False
VALID:[2, 5, 7, 7, 7, 8] 257778 -> False
VALID:[2, 5, 7, 7, 7, 9] 257779 -> False
VALID:[2, 5, 7, 7, 8, 8] 257788 -> True
VALID:[2, 5, 7, 7, 8, 9] 257789 -> True
VALID:[2, 5, 7, 7, 9, 9] 257799 -> True
VALID:[2, 5, 7, 8, 8, 8] 257888 -> False
VALID:[2, 5, 7, 8, 8, 9] 257889 -> True
VALID:[2, 5, 7, 8, 9, 9] 257899 -> True
VALID:[2, 5, 7, 9, 9, 9] 257999 -> False
VALID:[2, 5, 8, 8, 8, 8] 258888 -> False
VALID:[2, 5, 8, 8, 8, 9] 258889 -> False
VALID:[2, 5, 8, 8, 9, 9] 258899 -> True
VALID:[2, 5, 8, 9, 9, 9] 258999 -> False
VALID:[2, 5, 9, 9, 9, 9] 259999 -> False
VALID:[2, 6, 6, 6, 6, 6] 266666 -> False
VALID:[2, 6, 6, 6, 6, 7] 266667 -> False
VALID:[2, 6, 6, 6, 6, 8] 266668 -> False
VALID:[2, 6, 6, 6, 6, 9] 266669 -> False
VALID:[2, 6, 6, 6, 7, 7] 266677 -> True
VALID:[2, 6, 6, 6, 7, 8] 266678 -> False
VALID:[2, 6, 6, 6, 7, 9] 266679 -> False
VALID:[2, 6, 6, 6, 8, 8] 266688 -> True
VALID:[2, 6, 6, 6, 8, 9] 266689 -> False
VALID:[2, 6, 6, 6, 9, 9] 266699 -> True
VALID:[2, 6, 6, 7, 7, 7] 266777 -> True
VALID:[2, 6, 6, 7, 7, 8] 266778 -> True
VALID:[2, 6, 6, 7, 7, 9] 266779 -> True
VALID:[2, 6, 6, 7, 8, 8] 266788 -> True
VALID:[2, 6, 6, 7, 8, 9] 266789 -> True
VALID:[2, 6, 6, 7, 9, 9] 266799 -> True
VALID:[2, 6, 6, 8, 8, 8] 266888 -> True
VALID:[2, 6, 6, 8, 8, 9] 266889 -> True
VALID:[2, 6, 6, 8, 9, 9] 266899 -> True
VALID:[2, 6, 6, 9, 9, 9] 266999 -> True
VALID:[2, 6, 7, 7, 7, 7] 267777 -> False
VALID:[2, 6, 7, 7, 7, 8] 267778 -> False
VALID:[2, 6, 7, 7, 7, 9] 267779 -> False
VALID:[2, 6, 7, 7, 8, 8] 267788 -> True
VALID:[2, 6, 7, 7, 8, 9] 267789 -> True
VALID:[2, 6, 7, 7, 9, 9] 267799 -> True
VALID:[2, 6, 7, 8, 8, 8] 267888 -> False
VALID:[2, 6, 7, 8, 8, 9] 267889 -> True
VALID:[2, 6, 7, 8, 9, 9] 267899 -> True
VALID:[2, 6, 7, 9, 9, 9] 267999 -> False
VALID:[2, 6, 8, 8, 8, 8] 268888 -> False
VALID:[2, 6, 8, 8, 8, 9] 268889 -> False
VALID:[2, 6, 8, 8, 9, 9] 268899 -> True
VALID:[2, 6, 8, 9, 9, 9] 268999 -> False
VALID:[2, 6, 9, 9, 9, 9] 269999 -> False
VALID:[2, 7, 7, 7, 7, 7] 277777 -> False
VALID:[2, 7, 7, 7, 7, 8] 277778 -> False
VALID:[2, 7, 7, 7, 7, 9] 277779 -> False
VALID:[2, 7, 7, 7, 8, 8] 277788 -> True
VALID:[2, 7, 7, 7, 8, 9] 277789 -> False
VALID:[2, 7, 7, 7, 9, 9] 277799 -> True
VALID:[2, 7, 7, 8, 8, 8] 277888 -> True
VALID:[2, 7, 7, 8, 8, 9] 277889 -> True
VALID:[2, 7, 7, 8, 9, 9] 277899 -> True
VALID:[2, 7, 7, 9, 9, 9] 277999 -> True
VALID:[2, 7, 8, 8, 8, 8] 278888 -> False
VALID:[2, 7, 8, 8, 8, 9] 278889 -> False
VALID:[2, 7, 8, 8, 9, 9] 278899 -> True
VALID:[2, 7, 8, 9, 9, 9] 278999 -> False
VALID:[2, 7, 9, 9, 9, 9] 279999 -> False
VALID:[2, 8, 8, 8, 8, 8] 288888 -> False
VALID:[2, 8, 8, 8, 8, 9] 288889 -> False
VALID:[2, 8, 8, 8, 9, 9] 288899 -> True
VALID:[2, 8, 8, 9, 9, 9] 288999 -> True
VALID:[2, 8, 9, 9, 9, 9] 289999 -> False
VALID:[2, 9, 9, 9, 9, 9] 299999 -> False
VALID:[2, 6, 6, 6, 6, 6] 266666 -> False
VALID:[2, 6, 6, 6, 6, 7] 266667 -> False
VALID:[2, 6, 6, 6, 6, 8] 266668 -> False
VALID:[2, 6, 6, 6, 6, 9] 266669 -> False
VALID:[2, 6, 6, 6, 7, 7] 266677 -> True
VALID:[2, 6, 6, 6, 7, 8] 266678 -> False
VALID:[2, 6, 6, 6, 7, 9] 266679 -> False
VALID:[2, 6, 6, 6, 8, 8] 266688 -> True
VALID:[2, 6, 6, 6, 8, 9] 266689 -> False
VALID:[2, 6, 6, 6, 9, 9] 266699 -> True
VALID:[2, 6, 6, 7, 7, 7] 266777 -> True
VALID:[2, 6, 6, 7, 7, 8] 266778 -> True
VALID:[2, 6, 6, 7, 7, 9] 266779 -> True
VALID:[2, 6, 6, 7, 8, 8] 266788 -> True
VALID:[2, 6, 6, 7, 8, 9] 266789 -> True
VALID:[2, 6, 6, 7, 9, 9] 266799 -> True
VALID:[2, 6, 6, 8, 8, 8] 266888 -> True
VALID:[2, 6, 6, 8, 8, 9] 266889 -> True
VALID:[2, 6, 6, 8, 9, 9] 266899 -> True
VALID:[2, 6, 6, 9, 9, 9] 266999 -> True
VALID:[2, 6, 7, 7, 7, 7] 267777 -> False
VALID:[2, 6, 7, 7, 7, 8] 267778 -> False
VALID:[2, 6, 7, 7, 7, 9] 267779 -> False
VALID:[2, 6, 7, 7, 8, 8] 267788 -> True
VALID:[2, 6, 7, 7, 8, 9] 267789 -> True
VALID:[2, 6, 7, 7, 9, 9] 267799 -> True
VALID:[2, 6, 7, 8, 8, 8] 267888 -> False
VALID:[2, 6, 7, 8, 8, 9] 267889 -> True
VALID:[2, 6, 7, 8, 9, 9] 267899 -> True
VALID:[2, 6, 7, 9, 9, 9] 267999 -> False
VALID:[2, 6, 8, 8, 8, 8] 268888 -> False
VALID:[2, 6, 8, 8, 8, 9] 268889 -> False
VALID:[2, 6, 8, 8, 9, 9] 268899 -> True
VALID:[2, 6, 8, 9, 9, 9] 268999 -> False
VALID:[2, 6, 9, 9, 9, 9] 269999 -> False
VALID:[2, 7, 7, 7, 7, 7] 277777 -> False
VALID:[2, 7, 7, 7, 7, 8] 277778 -> False
VALID:[2, 7, 7, 7, 7, 9] 277779 -> False
VALID:[2, 7, 7, 7, 8, 8] 277788 -> True
VALID:[2, 7, 7, 7, 8, 9] 277789 -> False
VALID:[2, 7, 7, 7, 9, 9] 277799 -> True
VALID:[2, 7, 7, 8, 8, 8] 277888 -> True
VALID:[2, 7, 7, 8, 8, 9] 277889 -> True
VALID:[2, 7, 7, 8, 9, 9] 277899 -> True
VALID:[2, 7, 7, 9, 9, 9] 277999 -> True
VALID:[2, 7, 8, 8, 8, 8] 278888 -> False
VALID:[2, 7, 8, 8, 8, 9] 278889 -> False
VALID:[2, 7, 8, 8, 9, 9] 278899 -> True
VALID:[2, 7, 8, 9, 9, 9] 278999 -> False
VALID:[2, 7, 9, 9, 9, 9] 279999 -> False
VALID:[2, 8, 8, 8, 8, 8] 288888 -> False
VALID:[2, 8, 8, 8, 8, 9] 288889 -> False
VALID:[2, 8, 8, 8, 9, 9] 288899 -> True
VALID:[2, 8, 8, 9, 9, 9] 288999 -> True
VALID:[2, 8, 9, 9, 9, 9] 289999 -> False
VALID:[2, 9, 9, 9, 9, 9] 299999 -> False
VALID:[2, 7, 7, 7, 7, 7] 277777 -> False
VALID:[2, 7, 7, 7, 7, 8] 277778 -> False
VALID:[2, 7, 7, 7, 7, 9] 277779 -> False
VALID:[2, 7, 7, 7, 8, 8] 277788 -> True
VALID:[2, 7, 7, 7, 8, 9] 277789 -> False
VALID:[2, 7, 7, 7, 9, 9] 277799 -> True
VALID:[2, 7, 7, 8, 8, 8] 277888 -> True
VALID:[2, 7, 7, 8, 8, 9] 277889 -> True
VALID:[2, 7, 7, 8, 9, 9] 277899 -> True
VALID:[2, 7, 7, 9, 9, 9] 277999 -> True
VALID:[2, 7, 8, 8, 8, 8] 278888 -> False
VALID:[2, 7, 8, 8, 8, 9] 278889 -> False
VALID:[2, 7, 8, 8, 9, 9] 278899 -> True
VALID:[2, 7, 8, 9, 9, 9] 278999 -> False
VALID:[2, 7, 9, 9, 9, 9] 279999 -> False
VALID:[2, 8, 8, 8, 8, 8] 288888 -> False
VALID:[2, 8, 8, 8, 8, 9] 288889 -> False
VALID:[2, 8, 8, 8, 9, 9] 288899 -> True
VALID:[2, 8, 8, 9, 9, 9] 288999 -> True